The covariance matrix calculated by scipy package:
[[ 1.66210098e-02  1.20445861e-02  1.08817277e-03  4.02013112e-05
  -1.62472242e-03]
 [ 1.20445861e-02  5.85285963e-02 -5.42439848e-03 -2.34024264e-02
   2.72365724e-02]
 [ 1.08817277e-03 -5.42439848e-03  4.16175356e-03  3.49806436e-03
  -7.61606648e-03]
 [ 4.02013112e-05 -2.34024264e-02  3.49806436e-03  1.75640609e-02
  -1.56331936e-02]
 [-1.62472242e-03  2.72365724e-02 -7.61606648e-03 -1.56331936e-02
   2.54607308e-02]]
The chi squared value for the best fit is: 
19.829710459011242
This has a p-value of  0.34248805042142916
These are the values of the best fit: 
[2.11388353 1.56672326 1.09763908 4.16172439 1.87539848]
The hessian matrix calculated: 
[[ 240.22930383 -136.43955725   73.74953093  -74.61619314  137.52596173]
 [-136.43955725  171.43012219 -143.39664478  111.224203   -173.19109471]
 [  73.74953093 -143.39664478 1414.68784154   97.91080462  641.40794667]
 [ -74.61619314  111.224203     97.91080462  375.40524414  145.27407464]
 [ 137.52596173 -173.19109471  641.40794667  145.27407464  556.65601888]]
The covariance matrix is 
[[ 0.0155166   0.01310546  0.0007703  -0.00083492 -0.0004257 ]
 [ 0.01310546  0.07124125 -0.00738973 -0.03024951  0.03533656]
 [ 0.0007703  -0.00738973  0.00413686  0.00452894 -0.00843811]
 [-0.00083492 -0.03024951  0.00452894  0.02060531 -0.01980117]
 [-0.0004257   0.03533656 -0.00843811 -0.01980117  0.02958271]]
For b1
The 90% confidence interval is 
(1.908991302932525, 2.318775757674573)
The 68% confidence interval is 
(1.9900082581340994, 2.2377588024729986)
For b2
The 90% confidence interval is 
(1.127694453437362, 2.0057520601575094)
The 68% confidence interval is 
(1.3012919458869663, 1.8321545677079056)
For b3
The 90% confidence interval is 
(0.9918446564027393, 1.2034334969152563)
The 68% confidence interval is 
(1.0336770963954824, 1.1616010569225133)
For b4
The 90% confidence interval is 
(3.9256130256001662, 4.3978357482353525)
The 68% confidence interval is 
(4.018974417722723, 4.304474356112796)
For b5
The 90% confidence interval is 
(1.592489829413212, 2.158307138590587)
The 68% confidence interval is 
(1.7043554579392008, 2.0464415100645983)
